2246
9315
3026
4611
7252
8378
4804
8132
5504
3350
932
941
6888
7216
5814
1610
6649
7833
1877
1125
6893
5606
8439
5522
6770
2875
9347
2047
679
827
2113
9580
2108
8058
8398
9588
3979
1834
6238
7409
5614
9458
8005
5376
1000
378
3717
5857
7904
4704
7700
8207
102
8411
3578
9250
8542
4972
6319
8882
8710
7280
7281
4479
8292
2382
7694
2264
3209
3973
767
8191
8563
5032
4982
2660
2077
9752
6905
3407
3109
7768
7789
277
3292
1018
9938
7403
5976
5262
9646
9188
3208
6820
6685
844
9607
6864
9546
9383
8125
5277
9899
165
1448
4485
4268
4724
8715
9020
6645
3279
7356
8903
3415
1338
6494
6383
2277
8102
8620
6184
4777
1098
7186
5364
8210
8067
6099
957
1637
92
9263
4471
9476
3889
9308
7723
4318
8545
9538
4043
5229
7052
2394
5665
1917
7011
2310
3076
8154
764
691
742
5913
8403
6056
6049
7784
1622
4563
6146
6388
8775
4737
7184
7899
1647
1614
1030
312
562
2443
7134
2187
9686
3045
3968
9622
6089
1373
2317
9179
7212
6906
5905
9018
3907
5524
6612
8776
4365
6967
9394
954
4048
9670
9402
4904
9043
8788
8797
8266
3124
4482
5706
9658
2834
8687
5418
4997
9828
7928
1975
4496
6448
170
3254
2892
7525
7026
2153
9365
4994
5723
7633
3119
4163
7504
2868
1568
6850
3064
335
8600
3277
1968
7827
8774
3809
7569
1454
3583
2608
4033
6940
6337
3790
3883
6353
7145
1536
5056
2845
2417
9708
480
4300
974
1055
3794
1731
2860
5199
3617
7632
2133
2522
7486
8987
6620
6962
8186
5768
2649
3715
7522
7795
3504
9435
8000
4406
6691
1464
9450
9871
2330
3356
1759
7555
9441
6355
8216
7624
3792
1918
6040
9255
8136
7657
3452
4244
8556
2483
6708
8506
7456
1829
8155
8408
3047
8857
7684
1114
6031
646
7565
9351
6250
7587
1417
7726
4670
5041
2532
8319
3853
9514
9831
3667
6507
343
1344
8926
1265
993
330
7452
2725
597
1861
4909
7086
2281
4768
698
143
9853
3267
4989
3630
3307
9445
8579
2388
7371
915
7493
2008
1821
9098
9879
2747
8418
8744
6023
2933
1712
7037
1422
9031
57
1372
3023
1833
4333
409
499
6469
5575
4453
134
2396
7842
7203
4631
5166
5286
7401
9827
8976
5872
967
2143
5832
1510
7482
6709
5457
5389
9336
9070
4604
446
3462
5997
9373
3416
3069
6020
4273
8632
6713
2207
8512
6028
2193
2928
1465
8227
3519
3919
8967
963
8425
9672
5117
6294
8854
1153
6486
5824
2218
5310
9691
108
9451
5475
10
2897
6697
2243
7548
746
9945
1602
2570
7310
2214
8602
4547
869
4919
1278
5586
8531
6425
2278
9923
1413
9948
7675
9662
8017
2682
9958
1520
4586
6090
8657
3602
5398
4336
1920
983
4428
2911
7357
4530
9515
694
1866
6548
6859
2914
3226
3977
7264
9438
76
5152
2237
2349
336
2538
9473
6751
4070
8530
6531
